(
NM_001334207.1:0.00000,
NM_105222.3:0.00000,
JQ955602.1:0.30492);
